# 
   1.00000   0.00000   0.00000 
   0.00000   1.00000   0.00000 
   0.00000   0.00000   1.00000 
   0.00000   0.00000   0.00000 
# 
   0.30902  -0.80902   0.50000 
   0.80902   0.50000   0.30902 
  -0.50000   0.30902   0.80902 
   0.00000   0.00000   0.00000 
# 
  -0.80902  -0.50000   0.30902 
   0.50000  -0.30902   0.80902 
  -0.30902   0.80902   0.50000 
   0.00000   0.00000   0.00000 
# 
  -0.80902   0.50000  -0.30902 
  -0.50000  -0.30902   0.80902 
   0.30902   0.80902   0.50000 
   0.00000   0.00000   0.00000 
# 
   0.30902   0.80902  -0.50000 
  -0.80902   0.50000   0.30902 
   0.50000   0.30902   0.80902 
   0.00000   0.00000   0.00000 
# 
  -0.30902   0.80902   0.50000 
  -0.80902  -0.50000   0.30902 
   0.50000  -0.30902   0.80902 
   0.00000   0.00000   0.00000 
# 
   0.30902   0.80902   0.50000 
  -0.80902   0.50000  -0.30902 
  -0.50000  -0.30902   0.80902 
   0.00000   0.00000   0.00000 
# 
   0.50000   0.30902   0.80902 
   0.30902   0.80902  -0.50000 
  -0.80902   0.50000   0.30902 
   0.00000   0.00000   0.00000 
# 
  -0.00000   0.00000   1.00000 
   1.00000  -0.00000   0.00000 
   0.00000   1.00000  -0.00000 
   0.00000   0.00000   0.00000 
# 
  -0.50000   0.30902   0.80902 
   0.30902  -0.80902   0.50000 
   0.80902   0.50000   0.30902 
   0.00000   0.00000   0.00000 
# 
  -0.30902  -0.80902   0.50000 
   0.80902  -0.50000  -0.30902 
   0.50000   0.30902   0.80902 
   0.00000   0.00000   0.00000 
# 
  -1.00000   0.00000   0.00000 
   0.00000  -1.00000   0.00000 
   0.00000   0.00000   1.00000 
   0.00000   0.00000   0.00000 
# 
  -0.30902   0.80902  -0.50000 
  -0.80902  -0.50000  -0.30902 
  -0.50000   0.30902   0.80902 
   0.00000   0.00000   0.00000 
# 
   0.80902   0.50000  -0.30902 
  -0.50000   0.30902  -0.80902 
  -0.30902   0.80902   0.50000 
   0.00000   0.00000   0.00000 
# 
   0.80902  -0.50000   0.30902 
   0.50000   0.30902  -0.80902 
   0.30902   0.80902   0.50000 
   0.00000   0.00000   0.00000 
# 
   0.30902  -0.80902  -0.50000 
   0.80902   0.50000  -0.30902 
   0.50000  -0.30902   0.80902 
   0.00000   0.00000   0.00000 
# 
  -0.30902  -0.80902  -0.50000 
   0.80902  -0.50000   0.30902 
  -0.50000  -0.30902   0.80902 
   0.00000   0.00000   0.00000 
# 
  -0.50000  -0.30902  -0.80902 
  -0.30902  -0.80902   0.50000 
  -0.80902   0.50000   0.30902 
   0.00000   0.00000   0.00000 
# 
   0.00000  -0.00000  -1.00000 
  -1.00000   0.00000  -0.00000 
   0.00000   1.00000  -0.00000 
   0.00000   0.00000   0.00000 
# 
   0.50000  -0.30902  -0.80902 
  -0.30902   0.80902  -0.50000 
   0.80902   0.50000   0.30902 
   0.00000   0.00000   0.00000 
# 
   0.50000   0.30902  -0.80902 
   0.30902   0.80902   0.50000 
   0.80902  -0.50000   0.30902 
   0.00000   0.00000   0.00000 
# 
   0.80902  -0.50000  -0.30902 
   0.50000   0.30902   0.80902 
  -0.30902  -0.80902   0.50000 
   0.00000   0.00000   0.00000 
# 
  -0.00000  -1.00000  -0.00000 
  -0.00000  -0.00000   1.00000 
  -1.00000   0.00000  -0.00000 
   0.00000   0.00000   0.00000 
# 
  -0.80902  -0.50000  -0.30902 
  -0.50000   0.30902   0.80902 
  -0.30902   0.80902  -0.50000 
   0.00000   0.00000   0.00000 
# 
  -0.50000   0.30902  -0.80902 
  -0.30902   0.80902   0.50000 
   0.80902   0.50000  -0.30902 
   0.00000   0.00000   0.00000 
# 
   0.80902   0.50000   0.30902 
  -0.50000   0.30902   0.80902 
   0.30902  -0.80902   0.50000 
   0.00000   0.00000   0.00000 
# 
   0.50000  -0.30902   0.80902 
  -0.30902   0.80902   0.50000 
  -0.80902  -0.50000   0.30902 
   0.00000   0.00000   0.00000 
# 
  -0.50000  -0.30902   0.80902 
   0.30902   0.80902   0.50000 
  -0.80902   0.50000  -0.30902 
   0.00000   0.00000   0.00000 
# 
  -0.80902   0.50000   0.30902 
   0.50000   0.30902   0.80902 
   0.30902   0.80902  -0.50000 
   0.00000   0.00000   0.00000 
# 
   0.00000   1.00000  -0.00000 
   0.00000   0.00000   1.00000 
   1.00000  -0.00000  -0.00000 
   0.00000   0.00000   0.00000 
# 
   0.50000   0.30902   0.80902 
  -0.30902  -0.80902   0.50000 
   0.80902  -0.50000  -0.30902 
   0.00000   0.00000   0.00000 
# 
   0.00000  -0.00000   1.00000 
  -1.00000   0.00000   0.00000 
  -0.00000  -1.00000   0.00000 
   0.00000   0.00000   0.00000 
# 
  -0.50000   0.30902   0.80902 
  -0.30902   0.80902  -0.50000 
  -0.80902  -0.50000  -0.30902 
   0.00000   0.00000   0.00000 
# 
  -0.30902   0.80902   0.50000 
   0.80902   0.50000  -0.30902 
  -0.50000   0.30902  -0.80902 
   0.00000   0.00000   0.00000 
# 
   0.30902   0.80902   0.50000 
   0.80902  -0.50000   0.30902 
   0.50000   0.30902  -0.80902 
   0.00000   0.00000   0.00000 
# 
  -0.50000  -0.30902   0.80902 
  -0.30902  -0.80902  -0.50000 
   0.80902  -0.50000   0.30902 
   0.00000   0.00000   0.00000 
# 
  -0.80902   0.50000   0.30902 
  -0.50000  -0.30902  -0.80902 
  -0.30902  -0.80902   0.50000 
   0.00000   0.00000   0.00000 
# 
   0.00000   1.00000   0.00000 
   0.00000   0.00000  -1.00000 
  -1.00000   0.00000  -0.00000 
   0.00000   0.00000   0.00000 
# 
   0.80902   0.50000   0.30902 
   0.50000  -0.30902  -0.80902 
  -0.30902   0.80902  -0.50000 
   0.00000   0.00000   0.00000 
# 
   0.50000  -0.30902   0.80902 
   0.30902  -0.80902  -0.50000 
   0.80902   0.50000  -0.30902 
   0.00000   0.00000   0.00000 
# 
  -0.80902  -0.50000  -0.30902 
   0.50000  -0.30902  -0.80902 
   0.30902  -0.80902   0.50000 
   0.00000   0.00000   0.00000 
# 
  -0.50000   0.30902  -0.80902 
   0.30902  -0.80902  -0.50000 
  -0.80902  -0.50000   0.30902 
   0.00000   0.00000   0.00000 
# 
   0.50000   0.30902  -0.80902 
  -0.30902  -0.80902  -0.50000 
  -0.80902   0.50000  -0.30902 
   0.00000   0.00000   0.00000 
# 
   0.80902  -0.50000  -0.30902 
  -0.50000  -0.30902  -0.80902 
   0.30902   0.80902  -0.50000 
   0.00000   0.00000   0.00000 
# 
  -0.00000  -1.00000   0.00000 
  -0.00000  -0.00000  -1.00000 
   1.00000  -0.00000  -0.00000 
   0.00000   0.00000   0.00000 
# 
  -0.00000   0.00000  -1.00000 
   1.00000  -0.00000  -0.00000 
  -0.00000  -1.00000   0.00000 
   0.00000   0.00000   0.00000 
# 
   0.50000  -0.30902  -0.80902 
   0.30902  -0.80902   0.50000 
  -0.80902  -0.50000  -0.30902 
   0.00000   0.00000   0.00000 
# 
   0.30902  -0.80902  -0.50000 
  -0.80902  -0.50000   0.30902 
  -0.50000   0.30902  -0.80902 
   0.00000   0.00000   0.00000 
# 
  -0.30902  -0.80902  -0.50000 
  -0.80902   0.50000  -0.30902 
   0.50000   0.30902  -0.80902 
   0.00000   0.00000   0.00000 
# 
  -0.50000  -0.30902  -0.80902 
   0.30902   0.80902  -0.50000 
   0.80902  -0.50000  -0.30902 
   0.00000   0.00000   0.00000 
# 
   0.80902  -0.50000   0.30902 
  -0.50000  -0.30902   0.80902 
  -0.30902  -0.80902  -0.50000 
   0.00000   0.00000   0.00000 
# 
  -0.30902  -0.80902   0.50000 
  -0.80902   0.50000   0.30902 
  -0.50000  -0.30902  -0.80902 
   0.00000   0.00000   0.00000 
# 
  -1.00000   0.00000   0.00000 
  -0.00000   1.00000  -0.00000 
  -0.00000  -0.00000  -1.00000 
   0.00000   0.00000   0.00000 
# 
  -0.30902   0.80902  -0.50000 
   0.80902   0.50000   0.30902 
   0.50000  -0.30902  -0.80902 
   0.00000   0.00000   0.00000 
# 
   0.80902   0.50000  -0.30902 
   0.50000  -0.30902   0.80902 
   0.30902  -0.80902  -0.50000 
   0.00000   0.00000   0.00000 
# 
  -0.80902   0.50000  -0.30902 
   0.50000   0.30902  -0.80902 
  -0.30902  -0.80902  -0.50000 
   0.00000   0.00000   0.00000 
# 
   0.30902   0.80902  -0.50000 
   0.80902  -0.50000  -0.30902 
  -0.50000  -0.30902  -0.80902 
   0.00000   0.00000   0.00000 
# 
   1.00000  -0.00000  -0.00000 
   0.00000  -1.00000   0.00000 
  -0.00000  -0.00000  -1.00000 
   0.00000   0.00000   0.00000 
# 
   0.30902  -0.80902   0.50000 
  -0.80902  -0.50000  -0.30902 
   0.50000  -0.30902  -0.80902 
   0.00000   0.00000   0.00000 
# 
  -0.80902  -0.50000   0.30902 
  -0.50000   0.30902  -0.80902 
   0.30902  -0.80902  -0.50000 
   0.00000   0.00000   0.00000 
